function [paras] = Param_InitVal(paras)
%PARAM_INITVAL Initial value of the dynamic systems
%   此处提供详细说明
paras.y0_Ca = [-71.4500986032385, 0 , 0,0.941142307568518,0.000124410590818718,1.45007989685720e-06,2.27236524043762e-06,0.000229382026821046,0.0584877363096232,0.941142307568518,0.000124410590818718,1.45007989685720e-06,2.27236524043762e-06,0.000229382026821046,0.0584877363096232,0.100521772848442,0.101608799616029,0.00756610359737242,0.980298395730315,0.160030125700109]';
paras.y0_CaMKII = [0.127758863128101;90;99.8722411368722;4.97555338531664;11.9997568387429;0.000196283423807536;1.73064949110937e-05;1.16218273751055e-05;1.82882582871696e-06;5.17370971955234e-07;6.12729918421783e-06;1.10267320447157e-06;1.30240470637041e-06;1.19847666133738e-07;3.05422188275786e-06;8.91906270143094e-07;5.00605167255096e-07;1.82546487475859e-06;4.73225554651130e-07;0.25];
paras.y0_CaMKII_DC = [0.150961381522917	90	99.8490386184783	4.97555338531664	12.6036318296072	5.28287390915668	0.112278026163610	0.000611297686415990	0.000397846104563414	0.000198855871193683	3.19342346218223e-06	2.16590428702738e-06	2.16607376213217e-06	4.70068574670239e-07	1.66524580150104e-08	1.13185043151979e-08	5.89763310768479e-09	8.68836603383931e-11	1.06420905008984e-13	0.252069638926830];
end