function [paras] = Param_InitVal_Retuning(paras)
%PARAM_INITVAL Initial value of the dynamic systems
%   此处提供详细说明
% paras.y0_Ca = [-71.4500986032385, 0 , 0,0.941142307568518,0.000124410590818718,1.45007989685720e-06,2.27236524043762e-06,0.000229382026821046,0.0584877363096232,0.941142307568518,0.000124410590818718,1.45007989685720e-06,2.27236524043762e-06,0.000229382026821046,0.0584877363096232,0.100521772848442,0.101608799616029,0.00756610359737242,0.980298395730315,0.160030125700109]';
paras.y0_Ca = [-71.4479454884918	4.90000000000000e-323	2.17000000000000e-321	0.941129111726702	0.000124442334267052	2.53974631380274e-06	3.97962603451610e-06	0.000229440553805646	0.0584980417794499	0.527243225961749	0.00296438261162864	6.05001493656064e-05	3.15617570090125e-05	0.00546558044018662	0.463938310818898	0.103233668741414	0.122470478619358	0.00756800588549419	0.980292454270282	0.160041702948184]';
paras.y0_CaMKII = [0.155892302414455	90	99.8441076975867	4.97555338531664	12.8345512016881	5.06744168043888	0.0971183173176102	0.000418450032903543	0.000310254675171539	0.000155107349251540	1.76290921526365e-06	1.33675316639721e-06	1.33678274081244e-06	3.30423026229630e-07	7.42317787811958e-09	5.63239976647652e-09	2.88011338427329e-09	3.12634203774967e-11	2.82607553045392e-14	0.248354700099941]';
paras.y0_CaMKII_DC = [0.150961381522917	90	99.8490386184783	4.97555338531664	12.6036318296072	5.28287390915668	0.112278026163610	0.000611297686415990	0.000397846104563414	0.000198855871193683	3.19342346218223e-06	2.16590428702738e-06	2.16607376213217e-06	4.70068574670239e-07	1.66524580150104e-08	1.13185043151979e-08	5.89763310768479e-09	8.68836603383931e-11	1.06420905008984e-13	0.252069638926830]';
paras.y0_CaMKII_LTP = [0.0913747691732959	90	99.9086252308280	4.97555338531664	7.66517319138128	2.37366405045711	1.05788921918881	1.18502800070095	0.274421953568198	0.0964395468890234	1.12658800779701	0.306816745340956	0.331876471975669	0.0395334520623044	1.08352347059295	0.411857640310281	0.226075498803016	1.26399688755743	0.557115657715717	0.659242260518809]';
paras.y0_CaMKII_LTD = [99.9290997227705	90	0.0709002772306688	4.97555338531664	12.4806770403349	4.89324178472775	0.601080002509084	0.00614115223136537	0.0123268560340264	0.00615285575681318	4.19503592022066e-05	0.000126081285937011	0.000125938175433548	8.44083938962480e-05	2.16229177725636e-07	8.63273828308204e-07	6.45735204529176e-07	9.04489657190648e-10	4.45401025929675e-15	0.0420980231995954]';
paras.y0_CaMKII_c14 = [0.209196607553062	90	99.7908033924479	4.97555338531664	9.62148693157509	4.06815248046744	0.109100384690650	0.000520635925241277	0.000487648661230710	0.000243822676654019	2.48121160001115e-06	2.32710288803555e-06	2.32710355440440e-06	7.26558309026429e-07	1.18209909951841e-08	1.10867270389676e-08	5.55077948230000e-09	5.87089633282829e-11	3.84784185181976e-14	0.251241621200351]';
paras.y0_CaMKII_c15 = [0.187751604585444	90	99.8122483954161	4.97555338531664	10.4726849065789	4.41692313651634	0.109178238553363	0.000531232418002337	0.000449801124926195	0.000224890493780337	2.56467408348209e-06	2.18860333133028e-06	2.18861329836663e-06	6.17736408157698e-07	1.23809077478333e-08	1.05665721549525e-08	5.32479588651151e-09	5.97716734820097e-11	5.59078919573810e-14	0.252268282961351]';
paras.y0_CaMKII_c16 = [0.173341320648939	90	99.8266586793518	4.97555338531664	11.1825377272990	4.70651545988275	0.109750331797719	0.000548867258407113	0.000426586379608897	0.000213270612465738	2.69967620977251e-06	2.13334799465726e-06	2.13338138017674e-06	5.52755292697271e-07	1.32749377733906e-08	1.04942650200042e-08	5.33497151341662e-09	6.52852353118723e-11	6.65524568308999e-14	0.252182447219599]';
end